$ANSIBLE_VAULT;1.1;AES256
30373362646339373631636236313964373835613166633563623935356163656664356237313864
6632373830633938656437333262323361613330356336350a323265376633643136303533333038
35616666396437623332643362623461306261643763333765326238663763346464363661316432
3533383933303563310a353231633334373163633862623533353831663937303365653364353335
66373264646464333035366539396337633162306632376366336664666665656239326331663564
34313338623062663165663266363133353231316530663465343730393261663937363831356235
39353764646531373939333966666466373561363036613638343436303661663530386362376530
65636535633536323239356436336232653134373431336336356634303464623738613331363138
63613531363562646131633332633664643766616632326665663037346562633733393163373037
35343765376439656232643961383430363930316563313361626230626537333839323333316239
353437343161373334633034316632333362
